0.7910447761194029
0.0,0.0
1.0,0.0
1.0,1.0
1.0,1.0
0.0,0.0
1.0,0.0
1.0,1.0
0.0,0.0
1.0,0.0
0.0,1.0
1.0,1.0
0.0,0.0
0.0,0.0
0.0,1.0
0.0,0.0
1.0,1.0
0.0,0.0
0.0,0.0
0.0,1.0
0.0,0.0
0.0,0.0
1.0,1.0
0.0,0.0
0.0,0.0
0.0,0.0
1.0,0.0
0.0,0.0
1.0,1.0
1.0,1.0
0.0,0.0
0.0,0.0
0.0,1.0
0.0,1.0
0.0,0.0
1.0,1.0
1.0,1.0
0.0,0.0
1.0,1.0
0.0,0.0
1.0,1.0
0.0,0.0
0.0,0.0
0.0,1.0
0.0,1.0
0.0,0.0
1.0,1.0
0.0,1.0
1.0,1.0
1.0,1.0
0.0,0.0
0.0,0.0
0.0,1.0
1.0,1.0
1.0,1.0
0.0,0.0
1.0,1.0
1.0,1.0
0.0,0.0
0.0,0.0
1.0,1.0
1.0,1.0
0.0,0.0
0.0,0.0
1.0,1.0
1.0,0.0
1.0,1.0
1.0,1.0
