0.3435897435897436
7.0,21.0
30.0,27.0
29.0,20.0
27.0,14.0
9.0,1.0
17.0,17.0
24.0,20.0
34.0,35.0
36.0,10.0
27.0,20.0
25.0,28.0
6.0,25.0
0.0,0.0
5.0,8.0
16.0,16.0
6.0,6.0
35.0,35.0
2.0,24.0
10.0,10.0
1.0,9.0
24.0,24.0
17.0,13.0
17.0,2.0
3.0,3.0
35.0,35.0
9.0,3.0
9.0,3.0
11.0,11.0
33.0,22.0
33.0,22.0
5.0,5.0
7.0,21.0
21.0,7.0
20.0,24.0
30.0,20.0
22.0,33.0
32.0,32.0
27.0,27.0
14.0,0.0
23.0,23.0
18.0,1.0
18.0,36.0
31.0,31.0
21.0,36.0
27.0,11.0
16.0,16.0
5.0,5.0
10.0,10.0
10.0,3.0
30.0,28.0
31.0,19.0
18.0,1.0
29.0,26.0
35.0,16.0
25.0,19.0
7.0,31.0
24.0,24.0
19.0,29.0
28.0,30.0
33.0,33.0
21.0,15.0
6.0,31.0
33.0,27.0
19.0,22.0
25.0,14.0
29.0,19.0
23.0,23.0
7.0,10.0
34.0,34.0
35.0,35.0
25.0,25.0
29.0,11.0
2.0,17.0
32.0,27.0
3.0,1.0
10.0,13.0
6.0,6.0
33.0,27.0
27.0,33.0
26.0,26.0
32.0,30.0
27.0,30.0
5.0,34.0
8.0,8.0
5.0,18.0
35.0,35.0
11.0,11.0
9.0,9.0
3.0,9.0
25.0,6.0
29.0,13.0
14.0,14.0
2.0,9.0
10.0,14.0
5.0,5.0
17.0,3.0
21.0,31.0
34.0,16.0
25.0,22.0
27.0,32.0
24.0,18.0
18.0,32.0
18.0,17.0
6.0,21.0
30.0,33.0
8.0,8.0
9.0,9.0
18.0,14.0
31.0,31.0
26.0,29.0
9.0,9.0
5.0,13.0
27.0,0.0
26.0,26.0
21.0,15.0
35.0,35.0
23.0,23.0
18.0,21.0
31.0,31.0
22.0,14.0
1.0,1.0
3.0,3.0
6.0,25.0
26.0,26.0
11.0,11.0
36.0,15.0
32.0,27.0
23.0,23.0
33.0,22.0
27.0,36.0
20.0,12.0
3.0,3.0
7.0,7.0
10.0,13.0
20.0,30.0
23.0,23.0
31.0,28.0
29.0,26.0
34.0,34.0
17.0,5.0
1.0,1.0
27.0,33.0
27.0,0.0
7.0,31.0
5.0,5.0
13.0,25.0
30.0,32.0
20.0,20.0
3.0,3.0
10.0,10.0
29.0,7.0
27.0,29.0
31.0,6.0
16.0,16.0
32.0,19.0
29.0,15.0
1.0,1.0
10.0,10.0
24.0,24.0
18.0,4.0
35.0,35.0
12.0,12.0
10.0,2.0
11.0,11.0
2.0,1.0
18.0,17.0
11.0,11.0
27.0,36.0
26.0,26.0
7.0,27.0
13.0,23.0
29.0,23.0
31.0,10.0
20.0,20.0
20.0,19.0
18.0,13.0
33.0,27.0
5.0,9.0
27.0,21.0
8.0,8.0
27.0,11.0
23.0,23.0
18.0,5.0
16.0,16.0
8.0,8.0
31.0,25.0
24.0,26.0
21.0,4.0
26.0,24.0
17.0,18.0
6.0,6.0
5.0,13.0
30.0,19.0
24.0,18.0
23.0,23.0
6.0,6.0
0.0,0.0
27.0,30.0
20.0,20.0
5.0,21.0
23.0,23.0
6.0,29.0
23.0,28.0
21.0,7.0
14.0,14.0
19.0,19.0
29.0,36.0
11.0,11.0
17.0,17.0
15.0,15.0
16.0,16.0
21.0,4.0
32.0,32.0
11.0,11.0
28.0,13.0
13.0,5.0
20.0,27.0
22.0,33.0
18.0,13.0
29.0,6.0
18.0,5.0
32.0,31.0
24.0,24.0
27.0,15.0
8.0,8.0
36.0,36.0
5.0,34.0
25.0,17.0
35.0,35.0
34.0,34.0
18.0,1.0
8.0,8.0
29.0,18.0
7.0,32.0
1.0,3.0
1.0,1.0
23.0,13.0
35.0,35.0
27.0,14.0
24.0,18.0
18.0,34.0
5.0,5.0
26.0,24.0
5.0,10.0
27.0,14.0
32.0,22.0
9.0,9.0
25.0,19.0
18.0,24.0
5.0,5.0
0.0,0.0
2.0,3.0
21.0,21.0
10.0,25.0
5.0,16.0
33.0,22.0
18.0,9.0
28.0,28.0
6.0,6.0
28.0,29.0
17.0,2.0
6.0,21.0
24.0,32.0
18.0,15.0
27.0,12.0
26.0,26.0
10.0,15.0
36.0,28.0
29.0,18.0
18.0,18.0
32.0,0.0
27.0,27.0
27.0,0.0
24.0,29.0
18.0,7.0
18.0,4.0
36.0,0.0
5.0,2.0
26.0,26.0
11.0,0.0
13.0,10.0
18.0,28.0
1.0,3.0
17.0,3.0
5.0,5.0
14.0,27.0
18.0,23.0
20.0,20.0
26.0,26.0
18.0,25.0
35.0,35.0
0.0,32.0
18.0,17.0
21.0,7.0
35.0,16.0
34.0,34.0
21.0,31.0
7.0,32.0
21.0,7.0
27.0,29.0
36.0,7.0
34.0,34.0
10.0,30.0
28.0,29.0
7.0,7.0
7.0,7.0
19.0,12.0
24.0,29.0
31.0,31.0
25.0,7.0
24.0,6.0
17.0,24.0
11.0,11.0
27.0,22.0
13.0,13.0
29.0,26.0
7.0,10.0
23.0,23.0
9.0,9.0
30.0,25.0
17.0,17.0
5.0,18.0
34.0,8.0
3.0,17.0
36.0,31.0
27.0,33.0
1.0,9.0
1.0,3.0
9.0,24.0
21.0,27.0
18.0,18.0
7.0,31.0
11.0,11.0
2.0,3.0
27.0,0.0
3.0,19.0
6.0,26.0
34.0,34.0
25.0,31.0
12.0,12.0
17.0,18.0
15.0,15.0
27.0,29.0
33.0,30.0
30.0,14.0
3.0,2.0
27.0,16.0
18.0,35.0
19.0,0.0
0.0,30.0
12.0,12.0
23.0,23.0
29.0,26.0
28.0,28.0
24.0,25.0
13.0,29.0
7.0,7.0
34.0,21.0
18.0,29.0
27.0,33.0
27.0,32.0
27.0,36.0
21.0,36.0
27.0,0.0
17.0,18.0
27.0,14.0
34.0,34.0
16.0,16.0
23.0,23.0
17.0,18.0
27.0,28.0
33.0,22.0
31.0,21.0
16.0,14.0
17.0,18.0
32.0,32.0
8.0,8.0
36.0,33.0
15.0,15.0
29.0,7.0
21.0,23.0
27.0,32.0
31.0,29.0
29.0,6.0
24.0,24.0
30.0,30.0
27.0,32.0
5.0,5.0
27.0,27.0
2.0,24.0
